{
 "cells": [
  {
   "cell_type": "markdown",
   "id": "28b92c9e",
   "metadata": {},
   "source": [
    "### 93 load boston data"
   ]
  },
  {
   "cell_type": "code",
   "execution_count": 3,
   "id": "9f76a7c8",
   "metadata": {},
   "outputs": [
    {
     "data": {
      "text/plain": [
       "(506, 13)"
      ]
     },
     "execution_count": 3,
     "metadata": {},
     "output_type": "execute_result"
    }
   ],
   "source": [
    "import numpy as np\n",
    "import pandas as pd\n",
    "from sklearn.datasets import load_boston\n",
    "raw_data = load_boston()\n",
    "raw_data.data.shape"
   ]
  },
  {
   "cell_type": "code",
   "execution_count": 4,
   "id": "81d033a3",
   "metadata": {},
   "outputs": [
    {
     "data": {
      "text/plain": [
       "(506,)"
      ]
     },
     "execution_count": 4,
     "metadata": {},
     "output_type": "execute_result"
    }
   ],
   "source": [
    "raw_data.target.shape"
   ]
  },
  {
   "cell_type": "code",
   "execution_count": 5,
   "id": "7adfc78e",
   "metadata": {},
   "outputs": [
    {
     "data": {
      "text/html": [
       "<div>\n",
       "<style scoped>\n",
       "    .dataframe tbody tr th:only-of-type {\n",
       "        vertical-align: middle;\n",
       "    }\n",
       "\n",
       "    .dataframe tbody tr th {\n",
       "        vertical-align: top;\n",
       "    }\n",
       "\n",
       "    .dataframe thead th {\n",
       "        text-align: right;\n",
       "    }\n",
       "</style>\n",
       "<table border=\"1\" class=\"dataframe\">\n",
       "  <thead>\n",
       "    <tr style=\"text-align: right;\">\n",
       "      <th></th>\n",
       "      <th>CRIM</th>\n",
       "      <th>ZN</th>\n",
       "      <th>INDUS</th>\n",
       "      <th>CHAS</th>\n",
       "      <th>NOX</th>\n",
       "      <th>RM</th>\n",
       "      <th>AGE</th>\n",
       "      <th>DIS</th>\n",
       "      <th>RAD</th>\n",
       "      <th>TAX</th>\n",
       "      <th>PTRATIO</th>\n",
       "      <th>B</th>\n",
       "      <th>LSTAT</th>\n",
       "      <th>target</th>\n",
       "    </tr>\n",
       "  </thead>\n",
       "  <tbody>\n",
       "    <tr>\n",
       "      <th>0</th>\n",
       "      <td>0.00632</td>\n",
       "      <td>18.0</td>\n",
       "      <td>2.31</td>\n",
       "      <td>0.0</td>\n",
       "      <td>0.538</td>\n",
       "      <td>6.575</td>\n",
       "      <td>65.2</td>\n",
       "      <td>4.0900</td>\n",
       "      <td>1.0</td>\n",
       "      <td>296.0</td>\n",
       "      <td>15.3</td>\n",
       "      <td>396.90</td>\n",
       "      <td>4.98</td>\n",
       "      <td>24.0</td>\n",
       "    </tr>\n",
       "    <tr>\n",
       "      <th>1</th>\n",
       "      <td>0.02731</td>\n",
       "      <td>0.0</td>\n",
       "      <td>7.07</td>\n",
       "      <td>0.0</td>\n",
       "      <td>0.469</td>\n",
       "      <td>6.421</td>\n",
       "      <td>78.9</td>\n",
       "      <td>4.9671</td>\n",
       "      <td>2.0</td>\n",
       "      <td>242.0</td>\n",
       "      <td>17.8</td>\n",
       "      <td>396.90</td>\n",
       "      <td>9.14</td>\n",
       "      <td>21.6</td>\n",
       "    </tr>\n",
       "    <tr>\n",
       "      <th>2</th>\n",
       "      <td>0.02729</td>\n",
       "      <td>0.0</td>\n",
       "      <td>7.07</td>\n",
       "      <td>0.0</td>\n",
       "      <td>0.469</td>\n",
       "      <td>7.185</td>\n",
       "      <td>61.1</td>\n",
       "      <td>4.9671</td>\n",
       "      <td>2.0</td>\n",
       "      <td>242.0</td>\n",
       "      <td>17.8</td>\n",
       "      <td>392.83</td>\n",
       "      <td>4.03</td>\n",
       "      <td>34.7</td>\n",
       "    </tr>\n",
       "    <tr>\n",
       "      <th>3</th>\n",
       "      <td>0.03237</td>\n",
       "      <td>0.0</td>\n",
       "      <td>2.18</td>\n",
       "      <td>0.0</td>\n",
       "      <td>0.458</td>\n",
       "      <td>6.998</td>\n",
       "      <td>45.8</td>\n",
       "      <td>6.0622</td>\n",
       "      <td>3.0</td>\n",
       "      <td>222.0</td>\n",
       "      <td>18.7</td>\n",
       "      <td>394.63</td>\n",
       "      <td>2.94</td>\n",
       "      <td>33.4</td>\n",
       "    </tr>\n",
       "    <tr>\n",
       "      <th>4</th>\n",
       "      <td>0.06905</td>\n",
       "      <td>0.0</td>\n",
       "      <td>2.18</td>\n",
       "      <td>0.0</td>\n",
       "      <td>0.458</td>\n",
       "      <td>7.147</td>\n",
       "      <td>54.2</td>\n",
       "      <td>6.0622</td>\n",
       "      <td>3.0</td>\n",
       "      <td>222.0</td>\n",
       "      <td>18.7</td>\n",
       "      <td>396.90</td>\n",
       "      <td>5.33</td>\n",
       "      <td>36.2</td>\n",
       "    </tr>\n",
       "  </tbody>\n",
       "</table>\n",
       "</div>"
      ],
      "text/plain": [
       "      CRIM    ZN  INDUS  CHAS    NOX     RM   AGE     DIS  RAD    TAX  \\\n",
       "0  0.00632  18.0   2.31   0.0  0.538  6.575  65.2  4.0900  1.0  296.0   \n",
       "1  0.02731   0.0   7.07   0.0  0.469  6.421  78.9  4.9671  2.0  242.0   \n",
       "2  0.02729   0.0   7.07   0.0  0.469  7.185  61.1  4.9671  2.0  242.0   \n",
       "3  0.03237   0.0   2.18   0.0  0.458  6.998  45.8  6.0622  3.0  222.0   \n",
       "4  0.06905   0.0   2.18   0.0  0.458  7.147  54.2  6.0622  3.0  222.0   \n",
       "\n",
       "   PTRATIO       B  LSTAT  target  \n",
       "0     15.3  396.90   4.98    24.0  \n",
       "1     17.8  396.90   9.14    21.6  \n",
       "2     17.8  392.83   4.03    34.7  \n",
       "3     18.7  394.63   2.94    33.4  \n",
       "4     18.7  396.90   5.33    36.2  "
      ]
     },
     "execution_count": 5,
     "metadata": {},
     "output_type": "execute_result"
    }
   ],
   "source": [
    "df = pd.DataFrame(data=np.c_[raw_data.data, raw_data.target],\n",
    "                  columns=list(raw_data.feature_names)+['target'])\n",
    "df.head()"
   ]
  },
  {
   "cell_type": "markdown",
   "id": "e1a638e5",
   "metadata": {},
   "source": [
    "### 94 correlation"
   ]
  },
  {
   "cell_type": "code",
   "execution_count": 6,
   "id": "fae0ed35",
   "metadata": {},
   "outputs": [
    {
     "data": {
      "text/html": [
       "<div>\n",
       "<style scoped>\n",
       "    .dataframe tbody tr th:only-of-type {\n",
       "        vertical-align: middle;\n",
       "    }\n",
       "\n",
       "    .dataframe tbody tr th {\n",
       "        vertical-align: top;\n",
       "    }\n",
       "\n",
       "    .dataframe thead th {\n",
       "        text-align: right;\n",
       "    }\n",
       "</style>\n",
       "<table border=\"1\" class=\"dataframe\">\n",
       "  <thead>\n",
       "    <tr style=\"text-align: right;\">\n",
       "      <th></th>\n",
       "      <th>CRIM</th>\n",
       "      <th>ZN</th>\n",
       "      <th>INDUS</th>\n",
       "      <th>CHAS</th>\n",
       "      <th>NOX</th>\n",
       "      <th>RM</th>\n",
       "      <th>AGE</th>\n",
       "      <th>DIS</th>\n",
       "      <th>RAD</th>\n",
       "      <th>TAX</th>\n",
       "      <th>PTRATIO</th>\n",
       "      <th>B</th>\n",
       "      <th>LSTAT</th>\n",
       "      <th>target</th>\n",
       "    </tr>\n",
       "  </thead>\n",
       "  <tbody>\n",
       "    <tr>\n",
       "      <th>CRIM</th>\n",
       "      <td>1.000000</td>\n",
       "      <td>-0.200469</td>\n",
       "      <td>0.406583</td>\n",
       "      <td>-0.055892</td>\n",
       "      <td>0.420972</td>\n",
       "      <td>-0.219247</td>\n",
       "      <td>0.352734</td>\n",
       "      <td>-0.379670</td>\n",
       "      <td>0.625505</td>\n",
       "      <td>0.582764</td>\n",
       "      <td>0.289946</td>\n",
       "      <td>-0.385064</td>\n",
       "      <td>0.455621</td>\n",
       "      <td>-0.388305</td>\n",
       "    </tr>\n",
       "    <tr>\n",
       "      <th>ZN</th>\n",
       "      <td>-0.200469</td>\n",
       "      <td>1.000000</td>\n",
       "      <td>-0.533828</td>\n",
       "      <td>-0.042697</td>\n",
       "      <td>-0.516604</td>\n",
       "      <td>0.311991</td>\n",
       "      <td>-0.569537</td>\n",
       "      <td>0.664408</td>\n",
       "      <td>-0.311948</td>\n",
       "      <td>-0.314563</td>\n",
       "      <td>-0.391679</td>\n",
       "      <td>0.175520</td>\n",
       "      <td>-0.412995</td>\n",
       "      <td>0.360445</td>\n",
       "    </tr>\n",
       "    <tr>\n",
       "      <th>INDUS</th>\n",
       "      <td>0.406583</td>\n",
       "      <td>-0.533828</td>\n",
       "      <td>1.000000</td>\n",
       "      <td>0.062938</td>\n",
       "      <td>0.763651</td>\n",
       "      <td>-0.391676</td>\n",
       "      <td>0.644779</td>\n",
       "      <td>-0.708027</td>\n",
       "      <td>0.595129</td>\n",
       "      <td>0.720760</td>\n",
       "      <td>0.383248</td>\n",
       "      <td>-0.356977</td>\n",
       "      <td>0.603800</td>\n",
       "      <td>-0.483725</td>\n",
       "    </tr>\n",
       "    <tr>\n",
       "      <th>CHAS</th>\n",
       "      <td>-0.055892</td>\n",
       "      <td>-0.042697</td>\n",
       "      <td>0.062938</td>\n",
       "      <td>1.000000</td>\n",
       "      <td>0.091203</td>\n",
       "      <td>0.091251</td>\n",
       "      <td>0.086518</td>\n",
       "      <td>-0.099176</td>\n",
       "      <td>-0.007368</td>\n",
       "      <td>-0.035587</td>\n",
       "      <td>-0.121515</td>\n",
       "      <td>0.048788</td>\n",
       "      <td>-0.053929</td>\n",
       "      <td>0.175260</td>\n",
       "    </tr>\n",
       "    <tr>\n",
       "      <th>NOX</th>\n",
       "      <td>0.420972</td>\n",
       "      <td>-0.516604</td>\n",
       "      <td>0.763651</td>\n",
       "      <td>0.091203</td>\n",
       "      <td>1.000000</td>\n",
       "      <td>-0.302188</td>\n",
       "      <td>0.731470</td>\n",
       "      <td>-0.769230</td>\n",
       "      <td>0.611441</td>\n",
       "      <td>0.668023</td>\n",
       "      <td>0.188933</td>\n",
       "      <td>-0.380051</td>\n",
       "      <td>0.590879</td>\n",
       "      <td>-0.427321</td>\n",
       "    </tr>\n",
       "    <tr>\n",
       "      <th>RM</th>\n",
       "      <td>-0.219247</td>\n",
       "      <td>0.311991</td>\n",
       "      <td>-0.391676</td>\n",
       "      <td>0.091251</td>\n",
       "      <td>-0.302188</td>\n",
       "      <td>1.000000</td>\n",
       "      <td>-0.240265</td>\n",
       "      <td>0.205246</td>\n",
       "      <td>-0.209847</td>\n",
       "      <td>-0.292048</td>\n",
       "      <td>-0.355501</td>\n",
       "      <td>0.128069</td>\n",
       "      <td>-0.613808</td>\n",
       "      <td>0.695360</td>\n",
       "    </tr>\n",
       "    <tr>\n",
       "      <th>AGE</th>\n",
       "      <td>0.352734</td>\n",
       "      <td>-0.569537</td>\n",
       "      <td>0.644779</td>\n",
       "      <td>0.086518</td>\n",
       "      <td>0.731470</td>\n",
       "      <td>-0.240265</td>\n",
       "      <td>1.000000</td>\n",
       "      <td>-0.747881</td>\n",
       "      <td>0.456022</td>\n",
       "      <td>0.506456</td>\n",
       "      <td>0.261515</td>\n",
       "      <td>-0.273534</td>\n",
       "      <td>0.602339</td>\n",
       "      <td>-0.376955</td>\n",
       "    </tr>\n",
       "    <tr>\n",
       "      <th>DIS</th>\n",
       "      <td>-0.379670</td>\n",
       "      <td>0.664408</td>\n",
       "      <td>-0.708027</td>\n",
       "      <td>-0.099176</td>\n",
       "      <td>-0.769230</td>\n",
       "      <td>0.205246</td>\n",
       "      <td>-0.747881</td>\n",
       "      <td>1.000000</td>\n",
       "      <td>-0.494588</td>\n",
       "      <td>-0.534432</td>\n",
       "      <td>-0.232471</td>\n",
       "      <td>0.291512</td>\n",
       "      <td>-0.496996</td>\n",
       "      <td>0.249929</td>\n",
       "    </tr>\n",
       "    <tr>\n",
       "      <th>RAD</th>\n",
       "      <td>0.625505</td>\n",
       "      <td>-0.311948</td>\n",
       "      <td>0.595129</td>\n",
       "      <td>-0.007368</td>\n",
       "      <td>0.611441</td>\n",
       "      <td>-0.209847</td>\n",
       "      <td>0.456022</td>\n",
       "      <td>-0.494588</td>\n",
       "      <td>1.000000</td>\n",
       "      <td>0.910228</td>\n",
       "      <td>0.464741</td>\n",
       "      <td>-0.444413</td>\n",
       "      <td>0.488676</td>\n",
       "      <td>-0.381626</td>\n",
       "    </tr>\n",
       "    <tr>\n",
       "      <th>TAX</th>\n",
       "      <td>0.582764</td>\n",
       "      <td>-0.314563</td>\n",
       "      <td>0.720760</td>\n",
       "      <td>-0.035587</td>\n",
       "      <td>0.668023</td>\n",
       "      <td>-0.292048</td>\n",
       "      <td>0.506456</td>\n",
       "      <td>-0.534432</td>\n",
       "      <td>0.910228</td>\n",
       "      <td>1.000000</td>\n",
       "      <td>0.460853</td>\n",
       "      <td>-0.441808</td>\n",
       "      <td>0.543993</td>\n",
       "      <td>-0.468536</td>\n",
       "    </tr>\n",
       "    <tr>\n",
       "      <th>PTRATIO</th>\n",
       "      <td>0.289946</td>\n",
       "      <td>-0.391679</td>\n",
       "      <td>0.383248</td>\n",
       "      <td>-0.121515</td>\n",
       "      <td>0.188933</td>\n",
       "      <td>-0.355501</td>\n",
       "      <td>0.261515</td>\n",
       "      <td>-0.232471</td>\n",
       "      <td>0.464741</td>\n",
       "      <td>0.460853</td>\n",
       "      <td>1.000000</td>\n",
       "      <td>-0.177383</td>\n",
       "      <td>0.374044</td>\n",
       "      <td>-0.507787</td>\n",
       "    </tr>\n",
       "    <tr>\n",
       "      <th>B</th>\n",
       "      <td>-0.385064</td>\n",
       "      <td>0.175520</td>\n",
       "      <td>-0.356977</td>\n",
       "      <td>0.048788</td>\n",
       "      <td>-0.380051</td>\n",
       "      <td>0.128069</td>\n",
       "      <td>-0.273534</td>\n",
       "      <td>0.291512</td>\n",
       "      <td>-0.444413</td>\n",
       "      <td>-0.441808</td>\n",
       "      <td>-0.177383</td>\n",
       "      <td>1.000000</td>\n",
       "      <td>-0.366087</td>\n",
       "      <td>0.333461</td>\n",
       "    </tr>\n",
       "    <tr>\n",
       "      <th>LSTAT</th>\n",
       "      <td>0.455621</td>\n",
       "      <td>-0.412995</td>\n",
       "      <td>0.603800</td>\n",
       "      <td>-0.053929</td>\n",
       "      <td>0.590879</td>\n",
       "      <td>-0.613808</td>\n",
       "      <td>0.602339</td>\n",
       "      <td>-0.496996</td>\n",
       "      <td>0.488676</td>\n",
       "      <td>0.543993</td>\n",
       "      <td>0.374044</td>\n",
       "      <td>-0.366087</td>\n",
       "      <td>1.000000</td>\n",
       "      <td>-0.737663</td>\n",
       "    </tr>\n",
       "    <tr>\n",
       "      <th>target</th>\n",
       "      <td>-0.388305</td>\n",
       "      <td>0.360445</td>\n",
       "      <td>-0.483725</td>\n",
       "      <td>0.175260</td>\n",
       "      <td>-0.427321</td>\n",
       "      <td>0.695360</td>\n",
       "      <td>-0.376955</td>\n",
       "      <td>0.249929</td>\n",
       "      <td>-0.381626</td>\n",
       "      <td>-0.468536</td>\n",
       "      <td>-0.507787</td>\n",
       "      <td>0.333461</td>\n",
       "      <td>-0.737663</td>\n",
       "      <td>1.000000</td>\n",
       "    </tr>\n",
       "  </tbody>\n",
       "</table>\n",
       "</div>"
      ],
      "text/plain": [
       "             CRIM        ZN     INDUS      CHAS       NOX        RM       AGE  \\\n",
       "CRIM     1.000000 -0.200469  0.406583 -0.055892  0.420972 -0.219247  0.352734   \n",
       "ZN      -0.200469  1.000000 -0.533828 -0.042697 -0.516604  0.311991 -0.569537   \n",
       "INDUS    0.406583 -0.533828  1.000000  0.062938  0.763651 -0.391676  0.644779   \n",
       "CHAS    -0.055892 -0.042697  0.062938  1.000000  0.091203  0.091251  0.086518   \n",
       "NOX      0.420972 -0.516604  0.763651  0.091203  1.000000 -0.302188  0.731470   \n",
       "RM      -0.219247  0.311991 -0.391676  0.091251 -0.302188  1.000000 -0.240265   \n",
       "AGE      0.352734 -0.569537  0.644779  0.086518  0.731470 -0.240265  1.000000   \n",
       "DIS     -0.379670  0.664408 -0.708027 -0.099176 -0.769230  0.205246 -0.747881   \n",
       "RAD      0.625505 -0.311948  0.595129 -0.007368  0.611441 -0.209847  0.456022   \n",
       "TAX      0.582764 -0.314563  0.720760 -0.035587  0.668023 -0.292048  0.506456   \n",
       "PTRATIO  0.289946 -0.391679  0.383248 -0.121515  0.188933 -0.355501  0.261515   \n",
       "B       -0.385064  0.175520 -0.356977  0.048788 -0.380051  0.128069 -0.273534   \n",
       "LSTAT    0.455621 -0.412995  0.603800 -0.053929  0.590879 -0.613808  0.602339   \n",
       "target  -0.388305  0.360445 -0.483725  0.175260 -0.427321  0.695360 -0.376955   \n",
       "\n",
       "              DIS       RAD       TAX   PTRATIO         B     LSTAT    target  \n",
       "CRIM    -0.379670  0.625505  0.582764  0.289946 -0.385064  0.455621 -0.388305  \n",
       "ZN       0.664408 -0.311948 -0.314563 -0.391679  0.175520 -0.412995  0.360445  \n",
       "INDUS   -0.708027  0.595129  0.720760  0.383248 -0.356977  0.603800 -0.483725  \n",
       "CHAS    -0.099176 -0.007368 -0.035587 -0.121515  0.048788 -0.053929  0.175260  \n",
       "NOX     -0.769230  0.611441  0.668023  0.188933 -0.380051  0.590879 -0.427321  \n",
       "RM       0.205246 -0.209847 -0.292048 -0.355501  0.128069 -0.613808  0.695360  \n",
       "AGE     -0.747881  0.456022  0.506456  0.261515 -0.273534  0.602339 -0.376955  \n",
       "DIS      1.000000 -0.494588 -0.534432 -0.232471  0.291512 -0.496996  0.249929  \n",
       "RAD     -0.494588  1.000000  0.910228  0.464741 -0.444413  0.488676 -0.381626  \n",
       "TAX     -0.534432  0.910228  1.000000  0.460853 -0.441808  0.543993 -0.468536  \n",
       "PTRATIO -0.232471  0.464741  0.460853  1.000000 -0.177383  0.374044 -0.507787  \n",
       "B        0.291512 -0.444413 -0.441808 -0.177383  1.000000 -0.366087  0.333461  \n",
       "LSTAT   -0.496996  0.488676  0.543993  0.374044 -0.366087  1.000000 -0.737663  \n",
       "target   0.249929 -0.381626 -0.468536 -0.507787  0.333461 -0.737663  1.000000  "
      ]
     },
     "execution_count": 6,
     "metadata": {},
     "output_type": "execute_result"
    }
   ],
   "source": [
    "df.corr()"
   ]
  },
  {
   "cell_type": "code",
   "execution_count": 7,
   "id": "f85f7d4a",
   "metadata": {},
   "outputs": [
    {
     "data": {
      "text/plain": [
       "target     1.000000\n",
       "RM         0.695360\n",
       "ZN         0.360445\n",
       "B          0.333461\n",
       "DIS        0.249929\n",
       "CHAS       0.175260\n",
       "AGE       -0.376955\n",
       "RAD       -0.381626\n",
       "CRIM      -0.388305\n",
       "NOX       -0.427321\n",
       "TAX       -0.468536\n",
       "INDUS     -0.483725\n",
       "PTRATIO   -0.507787\n",
       "LSTAT     -0.737663\n",
       "Name: target, dtype: float64"
      ]
     },
     "execution_count": 7,
     "metadata": {},
     "output_type": "execute_result"
    }
   ],
   "source": [
    "df.corr()['target'].sort_values(ascending=False)"
   ]
  },
  {
   "cell_type": "markdown",
   "id": "984dbb60",
   "metadata": {},
   "source": [
    "### 95 seperate features and target"
   ]
  },
  {
   "cell_type": "code",
   "execution_count": 8,
   "id": "ea4610f7",
   "metadata": {},
   "outputs": [
    {
     "data": {
      "text/plain": [
       "((506, 13), (506,))"
      ]
     },
     "execution_count": 8,
     "metadata": {},
     "output_type": "execute_result"
    }
   ],
   "source": [
    "data = df.copy()\n",
    "target = data.pop('target')\n",
    "data.shape, target.shape"
   ]
  },
  {
   "cell_type": "markdown",
   "id": "151624c0",
   "metadata": {},
   "source": [
    "### 96 train data & test data"
   ]
  },
  {
   "cell_type": "code",
   "execution_count": 13,
   "id": "e123c687",
   "metadata": {},
   "outputs": [
    {
     "data": {
      "text/plain": [
       "((379, 13), (127, 13), (379,), (127,))"
      ]
     },
     "execution_count": 13,
     "metadata": {},
     "output_type": "execute_result"
    }
   ],
   "source": [
    "from sklearn.model_selection import train_test_split\n",
    "x_train, x_test, y_train, y_test = train_test_split(data, target, random_state=42)\n",
    "x_train.shape, x_test.shape, y_train.shape, y_test.shape"
   ]
  },
  {
   "cell_type": "markdown",
   "id": "5de48c91",
   "metadata": {},
   "source": [
    "### 97 fit linear regression"
   ]
  },
  {
   "cell_type": "code",
   "execution_count": 14,
   "id": "07b4156c",
   "metadata": {},
   "outputs": [
    {
     "name": "stderr",
     "output_type": "stream",
     "text": [
      "/Users/amethyst/opt/anaconda3/lib/python3.9/site-packages/sklearn/utils/validation.py:1688: FutureWarning: Feature names only support names that are all strings. Got feature names with dtypes: ['str_']. An error will be raised in 1.2.\n",
      "  warnings.warn(\n",
      "/Users/amethyst/opt/anaconda3/lib/python3.9/site-packages/sklearn/utils/validation.py:1688: FutureWarning: Feature names only support names that are all strings. Got feature names with dtypes: ['str_']. An error will be raised in 1.2.\n",
      "  warnings.warn(\n"
     ]
    },
    {
     "data": {
      "text/plain": [
       "0.6844267283527129"
      ]
     },
     "execution_count": 14,
     "metadata": {},
     "output_type": "execute_result"
    }
   ],
   "source": [
    "from sklearn.linear_model import LinearRegression\n",
    "lr = LinearRegression()\n",
    "lr.fit(x_train, y_train)\n",
    "lr.score(x_test, y_test)"
   ]
  },
  {
   "cell_type": "markdown",
   "id": "3ed6fc51",
   "metadata": {},
   "source": [
    "### 98 prediction in test data"
   ]
  },
  {
   "cell_type": "code",
   "execution_count": 18,
   "id": "ec3c1e6d",
   "metadata": {},
   "outputs": [
    {
     "name": "stderr",
     "output_type": "stream",
     "text": [
      "/Users/amethyst/opt/anaconda3/lib/python3.9/site-packages/sklearn/utils/validation.py:1688: FutureWarning: Feature names only support names that are all strings. Got feature names with dtypes: ['str_']. An error will be raised in 1.2.\n",
      "  warnings.warn(\n"
     ]
    },
    {
     "data": {
      "text/plain": [
       "array([28.83885359, 36.00783288, 15.08324755, 25.23090886, 18.87864064,\n",
       "       23.21398327, 17.5931124 , 14.30508093, 23.05438985, 20.62008346,\n",
       "       24.78514683, 18.66833668, -6.9788951 , 21.83575737, 19.20898992,\n",
       "       26.2868054 , 20.54379176,  5.65713224, 40.42358065, 17.64146116,\n",
       "       27.32258958, 30.05056174, 11.15013704, 24.11530393, 17.89145648,\n",
       "       15.79348591, 22.94743453, 14.2586068 , 22.26731194, 19.24709013,\n",
       "       22.26897546, 25.24344002, 25.69165643, 17.98759507, 16.70286649,\n",
       "       17.11631225, 31.19643534, 20.17835831, 23.71828436, 24.79196868,\n",
       "       13.94575895, 32.00389982, 42.53869791, 17.44523722, 27.15354457,\n",
       "       17.07482215, 13.89272021, 26.06440323, 20.36888769, 29.97813037,\n",
       "       21.35346608, 34.32287916, 15.88498671, 26.17757739, 39.50970314,\n",
       "       22.84123308, 18.95049088, 32.68913818, 25.02057949, 12.90539147,\n",
       "       22.76052302, 30.53884316, 31.60797905, 15.92162168, 20.50670563,\n",
       "       16.50798147, 20.50202198, 26.00723901, 30.63860954, 11.42877835,\n",
       "       20.53765181, 27.56249175, 10.85162601, 15.96871769, 23.87570192,\n",
       "        5.66369672, 21.47818991, 41.2820034 , 18.56559986,  9.08857252,\n",
       "       20.97848452, 13.0630057 , 20.99054395,  9.34050291, 23.13686588,\n",
       "       31.80106627, 19.10245917, 25.59186169, 29.14490119, 20.17571514,\n",
       "       25.5962149 ,  5.20301905, 20.16835681, 15.08546746, 12.8601543 ,\n",
       "       20.80904894, 24.68556943, -0.77450939, 13.33875673, 15.62703156,\n",
       "       22.21755358, 24.58188737, 10.77302163, 19.50068376, 23.23450396,\n",
       "       11.77388822, 18.36777924, 25.4383785 , 20.89079232, 24.08440617,\n",
       "        7.3658717 , 19.16424347, 21.93734133, 27.41191713, 32.50857196,\n",
       "       14.86885244, 35.05912525, 12.86075113, 20.83043572, 28.42077138,\n",
       "       15.65853688, 24.67196362,  3.28420892, 23.79879617, 25.73329894,\n",
       "       23.04815612, 24.73046824])"
      ]
     },
     "execution_count": 18,
     "metadata": {},
     "output_type": "execute_result"
    }
   ],
   "source": [
    "target_pred = lr.predict(x_test)\n",
    "target_pred"
   ]
  },
  {
   "cell_type": "markdown",
   "id": "b0690f23",
   "metadata": {},
   "source": [
    "### 99 combine true and prediction value"
   ]
  },
  {
   "cell_type": "code",
   "execution_count": 19,
   "id": "1b98f4e5",
   "metadata": {},
   "outputs": [
    {
     "data": {
      "text/html": [
       "<div>\n",
       "<style scoped>\n",
       "    .dataframe tbody tr th:only-of-type {\n",
       "        vertical-align: middle;\n",
       "    }\n",
       "\n",
       "    .dataframe tbody tr th {\n",
       "        vertical-align: top;\n",
       "    }\n",
       "\n",
       "    .dataframe thead th {\n",
       "        text-align: right;\n",
       "    }\n",
       "</style>\n",
       "<table border=\"1\" class=\"dataframe\">\n",
       "  <thead>\n",
       "    <tr style=\"text-align: right;\">\n",
       "      <th></th>\n",
       "      <th>y</th>\n",
       "      <th>y_hat</th>\n",
       "    </tr>\n",
       "  </thead>\n",
       "  <tbody>\n",
       "    <tr>\n",
       "      <th>0</th>\n",
       "      <td>23.6</td>\n",
       "      <td>28.838854</td>\n",
       "    </tr>\n",
       "    <tr>\n",
       "      <th>1</th>\n",
       "      <td>32.4</td>\n",
       "      <td>36.007833</td>\n",
       "    </tr>\n",
       "    <tr>\n",
       "      <th>2</th>\n",
       "      <td>13.6</td>\n",
       "      <td>15.083248</td>\n",
       "    </tr>\n",
       "    <tr>\n",
       "      <th>3</th>\n",
       "      <td>22.8</td>\n",
       "      <td>25.230909</td>\n",
       "    </tr>\n",
       "    <tr>\n",
       "      <th>4</th>\n",
       "      <td>16.1</td>\n",
       "      <td>18.878641</td>\n",
       "    </tr>\n",
       "  </tbody>\n",
       "</table>\n",
       "</div>"
      ],
      "text/plain": [
       "      y      y_hat\n",
       "0  23.6  28.838854\n",
       "1  32.4  36.007833\n",
       "2  13.6  15.083248\n",
       "3  22.8  25.230909\n",
       "4  16.1  18.878641"
      ]
     },
     "execution_count": 19,
     "metadata": {},
     "output_type": "execute_result"
    }
   ],
   "source": [
    "combine = pd.DataFrame(np.c_[y_test, target_pred], columns=['y','y_hat'])\n",
    "combine.head()"
   ]
  },
  {
   "cell_type": "code",
   "execution_count": 22,
   "id": "e20c468e",
   "metadata": {},
   "outputs": [
    {
     "data": {
      "text/html": [
       "<div>\n",
       "<style scoped>\n",
       "    .dataframe tbody tr th:only-of-type {\n",
       "        vertical-align: middle;\n",
       "    }\n",
       "\n",
       "    .dataframe tbody tr th {\n",
       "        vertical-align: top;\n",
       "    }\n",
       "\n",
       "    .dataframe thead th {\n",
       "        text-align: right;\n",
       "    }\n",
       "</style>\n",
       "<table border=\"1\" class=\"dataframe\">\n",
       "  <thead>\n",
       "    <tr style=\"text-align: right;\">\n",
       "      <th></th>\n",
       "      <th>y</th>\n",
       "      <th>y_hat</th>\n",
       "      <th>error</th>\n",
       "      <th>abs_error</th>\n",
       "    </tr>\n",
       "  </thead>\n",
       "  <tbody>\n",
       "    <tr>\n",
       "      <th>0</th>\n",
       "      <td>23.6</td>\n",
       "      <td>28.838854</td>\n",
       "      <td>5.238854</td>\n",
       "      <td>5.238854</td>\n",
       "    </tr>\n",
       "    <tr>\n",
       "      <th>1</th>\n",
       "      <td>32.4</td>\n",
       "      <td>36.007833</td>\n",
       "      <td>3.607833</td>\n",
       "      <td>3.607833</td>\n",
       "    </tr>\n",
       "    <tr>\n",
       "      <th>2</th>\n",
       "      <td>13.6</td>\n",
       "      <td>15.083248</td>\n",
       "      <td>1.483248</td>\n",
       "      <td>1.483248</td>\n",
       "    </tr>\n",
       "    <tr>\n",
       "      <th>3</th>\n",
       "      <td>22.8</td>\n",
       "      <td>25.230909</td>\n",
       "      <td>2.430909</td>\n",
       "      <td>2.430909</td>\n",
       "    </tr>\n",
       "    <tr>\n",
       "      <th>4</th>\n",
       "      <td>16.1</td>\n",
       "      <td>18.878641</td>\n",
       "      <td>2.778641</td>\n",
       "      <td>2.778641</td>\n",
       "    </tr>\n",
       "  </tbody>\n",
       "</table>\n",
       "</div>"
      ],
      "text/plain": [
       "      y      y_hat     error  abs_error\n",
       "0  23.6  28.838854  5.238854   5.238854\n",
       "1  32.4  36.007833  3.607833   3.607833\n",
       "2  13.6  15.083248  1.483248   1.483248\n",
       "3  22.8  25.230909  2.430909   2.430909\n",
       "4  16.1  18.878641  2.778641   2.778641"
      ]
     },
     "execution_count": 22,
     "metadata": {},
     "output_type": "execute_result"
    }
   ],
   "source": [
    "combine['error'] = combine['y_hat'] - combine['y']\n",
    "combine['abs_error'] = abs(combine['y_hat'] - combine['y'])\n",
    "combine.head()"
   ]
  },
  {
   "cell_type": "markdown",
   "id": "d3be4352",
   "metadata": {},
   "source": [
    "### 100 GBDT (gradient boosting regreesor)"
   ]
  },
  {
   "cell_type": "code",
   "execution_count": 23,
   "id": "ce2152c6",
   "metadata": {},
   "outputs": [
    {
     "name": "stderr",
     "output_type": "stream",
     "text": [
      "/Users/amethyst/opt/anaconda3/lib/python3.9/site-packages/sklearn/utils/validation.py:1688: FutureWarning: Feature names only support names that are all strings. Got feature names with dtypes: ['str_']. An error will be raised in 1.2.\n",
      "  warnings.warn(\n",
      "/Users/amethyst/opt/anaconda3/lib/python3.9/site-packages/sklearn/utils/validation.py:1688: FutureWarning: Feature names only support names that are all strings. Got feature names with dtypes: ['str_']. An error will be raised in 1.2.\n",
      "  warnings.warn(\n"
     ]
    },
    {
     "data": {
      "text/plain": [
       "0.8721047222908935"
      ]
     },
     "execution_count": 23,
     "metadata": {},
     "output_type": "execute_result"
    }
   ],
   "source": [
    "from sklearn.ensemble import GradientBoostingRegressor\n",
    "reg = GradientBoostingRegressor(random_state=42)\n",
    "reg.fit(x_train, y_train)\n",
    "reg.score(x_test, y_test)"
   ]
  },
  {
   "cell_type": "markdown",
   "id": "12f446f6",
   "metadata": {},
   "source": [
    "### 101 save model and load model"
   ]
  },
  {
   "cell_type": "code",
   "execution_count": 25,
   "id": "6b96a8be",
   "metadata": {},
   "outputs": [],
   "source": [
    "import pickle\n",
    "with open('model.pkl', 'wb') as file:\n",
    "    pickle.dump(reg, file)"
   ]
  },
  {
   "cell_type": "code",
   "execution_count": 26,
   "id": "d8d36bf1",
   "metadata": {},
   "outputs": [
    {
     "name": "stderr",
     "output_type": "stream",
     "text": [
      "/Users/amethyst/opt/anaconda3/lib/python3.9/site-packages/sklearn/utils/validation.py:1688: FutureWarning: Feature names only support names that are all strings. Got feature names with dtypes: ['str_']. An error will be raised in 1.2.\n",
      "  warnings.warn(\n"
     ]
    },
    {
     "data": {
      "text/plain": [
       "array([23.04052211, 30.80125144, 16.59687893, 23.98455389, 17.51775094,\n",
       "       22.20424803, 18.37679613, 13.87826852, 20.69567546, 21.05630329,\n",
       "       20.65800177, 18.25866334,  7.37218556, 21.70412526, 20.42411344,\n",
       "       25.68150134, 19.65025197,  9.04186004, 45.87531955, 16.24352807,\n",
       "       24.16750847, 25.58242866, 13.55637357, 21.63216117, 15.24383795,\n",
       "       16.02780139, 21.97039232, 14.1308893 , 19.7882457 , 21.4943401 ,\n",
       "       19.96374277, 23.55638271, 23.44639924, 19.94756007, 14.59751632,\n",
       "       17.07294658, 33.48430381, 19.44918017, 21.13751246, 23.5933276 ,\n",
       "       18.32202324, 30.25253963, 45.28348352, 20.90449728, 22.53997442,\n",
       "       15.13571919, 16.28600727, 23.60866936, 18.01993116, 27.80166399,\n",
       "       20.29367355, 35.77815626, 16.5197479 , 25.490704  , 47.51880799,\n",
       "       21.53764501, 15.99636471, 31.79864176, 21.85748794, 18.22407593,\n",
       "       22.7379009 , 34.12951603, 30.7125856 , 19.8255971 , 25.01159597,\n",
       "       18.05612794, 14.58785612, 23.67111194, 28.79028621, 15.10698901,\n",
       "       21.29168096, 26.46787175, 10.38756407, 20.76810568, 22.63374113,\n",
       "        5.65689095, 20.52105443, 45.32080046, 12.12777804, 12.34677602,\n",
       "       21.61277948, 11.8664967 , 17.79095768, 10.4715874 , 20.61979459,\n",
       "       26.10759046, 15.26338321, 24.13265475, 25.09335989, 17.35813115,\n",
       "       22.13602129,  9.83535921, 19.4083156 , 18.81635683, 23.46694457,\n",
       "       19.69572675, 38.81046124, 10.02680396, 12.21727119, 11.48848368,\n",
       "       20.54377468, 22.8120411 , 13.30665347, 20.00338522, 19.86557919,\n",
       "       11.85450479, 19.55082284, 27.15203261, 20.18983546, 23.88614801,\n",
       "        8.5618845 , 14.07088631, 21.85576642, 23.88628685, 33.16769561,\n",
       "       13.59110845, 42.97428212, 15.53291817, 21.52483935, 23.98481851,\n",
       "       19.21632547, 24.1684173 ,  6.57540415, 21.20873172, 23.44670909,\n",
       "       22.9994774 , 22.4328139 ])"
      ]
     },
     "execution_count": 26,
     "metadata": {},
     "output_type": "execute_result"
    }
   ],
   "source": [
    "with open('model.pkl', 'rb') as file:\n",
    "    regressor_loaded = pickle.load(file)\n",
    "regressor_loaded.predict(x_test)"
   ]
  },
  {
   "cell_type": "code",
   "execution_count": null,
   "id": "5b9f549a",
   "metadata": {},
   "outputs": [],
   "source": []
  }
 ],
 "metadata": {
  "kernelspec": {
   "display_name": "Python 3 (ipykernel)",
   "language": "python",
   "name": "python3"
  },
  "language_info": {
   "codemirror_mode": {
    "name": "ipython",
    "version": 3
   },
   "file_extension": ".py",
   "mimetype": "text/x-python",
   "name": "python",
   "nbconvert_exporter": "python",
   "pygments_lexer": "ipython3",
   "version": "3.9.12"
  }
 },
 "nbformat": 4,
 "nbformat_minor": 5
}
